000000112288
000003629479
000007764421
000010841340
000012578656
000013818625
000016849676
000017576686
000017670753
000017935365
000023343892
000023896510
000024161683
000025527440
000027095696
000027597482
000029061783
000029675379
000030385648
000031088322
000031809219
000031966463
000032506627
000032804781
000033048706
000033555046
000035845244
000038760566
000046280277
000047914118
000048047387
000051456409
000052639093
000055577076
000060530234
000064309040
000065241453
000068776141
000073231355
000073691245
000076434221
000077596543
000077843394
000080461839
000080780783
000081257882
000081606719
000084791358
000086259237
000086716306
000086977706
000088041500
000088106971
000092671066
000093770181
000094112037
000094342759
000094506022
000097739048
000097798177
